4 32 57
1e-12  0.025  0.05  0.075  0.1  0.15  0.2  0.25  0.3  0.35  0.4  0.45  0.5  0.55  0.6  0.65  0.7  0.75  0.8  0.85  0.9  0.925  0.95  0.97  0.99  0.995  0.999  0.9995  0.9999  0.99995  0.99999  1
-6.9078  -6.5023  -6.2146  -5.8091  -5.5215  -5.2983  -5.116  -4.8283  -4.6052  -4.1997  -3.912  -3.5066  -3.2189  -2.9957  -2.8134  -2.5257  -2.3026  -1.8971  -1.6094  -1.204  -0.91629  -0.69315  -0.51083  -0.22314  0  0.40547  0.69315  1.0986  1.3863  1.6094  1.7918  2.0794  2.3026  2.7081  2.9957  3.4012  3.6889  3.912  4.0943  4.382  4.6052  5.0106  5.2983  5.7038  5.9915  6.2146  6.3969  6.6846  6.9078  7.3132  7.6009  8.0064  8.294  8.5172  8.6995  8.9872  9.2103
4.09277e-01 1.21623e-01 1.13289e-01 1.08413e-01 1.04951e-01 1.00070e-01 9.66038e-02 9.39136e-02 9.17141e-02 8.98532e-02 8.82403e-02 8.68167e-02 8.55424e-02 8.43891e-02 8.33355e-02 8.23658e-02 8.14674e-02 8.06307e-02 7.98474e-02 7.91113e-02 7.84169e-02 7.80840e-02 7.77598e-02 7.75064e-02 7.72582e-02 7.71969e-02 7.71481e-02 7.71420e-02 7.71372e-02 7.71366e-02 7.71361e-02 7.71360e-02
6.05778e-01 1.74907e-01 1.62421e-01 1.55113e-01 1.49925e-01 1.42607e-01 1.37410e-01 1.33374e-01 1.30074e-01 1.27281e-01 1.24860e-01 1.22722e-01 1.20808e-01 1.19075e-01 1.17492e-01 1.16035e-01 1.14684e-01 1.13426e-01 1.12248e-01 1.11141e-01 1.10096e-01 1.09595e-01 1.09107e-01 1.08726e-01 1.08352e-01 1.08260e-01 1.08187e-01 1.08177e-01 1.08170e-01 1.08169e-01 1.08168e-01 1.08168e-01
7.99694e-01 2.26022e-01 2.09393e-01 1.99658e-01 1.92746e-01 1.82995e-01 1.76067e-01 1.70687e-01 1.66286e-01 1.62561e-01 1.59330e-01 1.56477e-01 1.53923e-01 1.51609e-01 1.49495e-01 1.47549e-01 1.45744e-01 1.44063e-01 1.42489e-01 1.41009e-01 1.39612e-01 1.38942e-01 1.38290e-01 1.37780e-01 1.37280e-01 1.37157e-01 1.37058e-01 1.37046e-01 1.37036e-01 1.37035e-01 1.37034e-01 1.37034e-01
1.18170e+00 3.23649e-01 2.98764e-01 2.84192e-01 2.73842e-01 2.59234e-01 2.48850e-01 2.40782e-01 2.34180e-01 2.28588e-01 2.23737e-01 2.19451e-01 2.15612e-01 2.12135e-01 2.08955e-01 2.06026e-01 2.03311e-01 2.00780e-01 1.98409e-01 1.96179e-01 1.94074e-01 1.93064e-01 1.92080e-01 1.91311e-01 1.90558e-01 1.90372e-01 1.90223e-01 1.90205e-01 1.90190e-01 1.90188e-01 1.90187e-01 1.90186e-01
1.55738e+00 4.16708e-01 3.83610e-01 3.64221e-01 3.50447e-01 3.30999e-01 3.17169e-01 3.06418e-01 2.97615e-01 2.90158e-01 2.83685e-01 2.77966e-01 2.72840e-01 2.68195e-01 2.63946e-01 2.60032e-01 2.56401e-01 2.53016e-01 2.49844e-01 2.46860e-01 2.44042e-01 2.42690e-01 2.41373e-01 2.40343e-01 2.39333e-01 2.39084e-01 2.38886e-01 2.38861e-01 2.38841e-01 2.38839e-01 2.38837e-01 2.38836e-01
1.92817e+00 5.06356e-01 4.65081e-01 4.40895e-01 4.23708e-01 3.99433e-01 3.82162e-01 3.68730e-01 3.57729e-01 3.48405e-01 3.40309e-01 3.33153e-01 3.26737e-01 3.20921e-01 3.15601e-01 3.10697e-01 3.06147e-01 3.01904e-01 2.97927e-01 2.94184e-01 2.90649e-01 2.88952e-01 2.87299e-01 2.86007e-01 2.84740e-01 2.84427e-01 2.84178e-01 2.84147e-01 2.84122e-01 2.84119e-01 2.84116e-01 2.84116e-01
2.29439e+00 5.93152e-01 5.43742e-01 5.14781e-01 4.94196e-01 4.65111e-01 4.44409e-01 4.28303e-01 4.15105e-01 4.03916e-01 3.94198e-01 3.85604e-01 3.77898e-01 3.70910e-01 3.64515e-01 3.58620e-01 3.53149e-01 3.48044e-01 3.43259e-01 3.38755e-01 3.34500e-01 3.32457e-01 3.30467e-01 3.28910e-01 3.27384e-01 3.27008e-01 3.26707e-01 3.26670e-01 3.26640e-01 3.26636e-01 3.26633e-01 3.26633e-01
3.01526e+00 7.59888e-01 6.94324e-01 6.55875e-01 6.28532e-01 5.89875e-01 5.62337e-01 5.40896e-01 5.23315e-01 5.08399e-01 4.95437e-01 4.83967e-01 4.73676e-01 4.64339e-01 4.55791e-01 4.47906e-01 4.40585e-01 4.33752e-01 4.27343e-01 4.21308e-01 4.15604e-01 4.12864e-01 4.10195e-01 4.08107e-01 4.06060e-01 4.05555e-01 4.05152e-01 4.05102e-01 4.05062e-01 4.05057e-01 4.05053e-01 4.05052e-01
3.72211e+00 9.19075e-01 8.37520e-01 7.89670e-01 7.55625e-01 7.07465e-01 6.73131e-01 6.46380e-01 6.24431e-01 6.05799e-01 5.89597e-01 5.75254e-01 5.62377e-01 5.50689e-01 5.39984e-01 5.30104e-01 5.20928e-01 5.12359e-01 5.04320e-01 4.96747e-01 4.89586e-01 4.86146e-01 4.82794e-01 4.80172e-01 4.77600e-01 4.76965e-01 4.76459e-01 4.76396e-01 4.76346e-01 4.76340e-01 4.76334e-01 4.76333e-01
5.43746e+00 1.29195e+00 1.17109e+00 1.10010e+00 1.04954e+00 9.77913e-01 9.26762e-01 8.86848e-01 8.54052e-01 8.26176e-01 8.01907e-01 7.80397e-01 7.61066e-01 7.43502e-01 7.27399e-01 7.12524e-01 6.98698e-01 6.85776e-01 6.73644e-01 6.62206e-01 6.51384e-01 6.46183e-01 6.41112e-01 6.37145e-01 6.33254e-01 6.32292e-01 6.31527e-01 6.31431e-01 6.31355e-01 6.31345e-01 6.31337e-01 6.31336e-01
7.08744e+00 1.63697e+00 1.47777e+00 1.38415e+00 1.31741e+00 1.22276e+00 1.15506e+00 1.10216e+00 1.05865e+00 1.02162e+00 9.89350e-01 9.60722e-01 9.34973e-01 9.11558e-01 8.90074e-01 8.70216e-01 8.51745e-01 8.34472e-01 8.18245e-01 8.02939e-01 7.88450e-01 7.81485e-01 7.74692e-01 7.69377e-01 7.64162e-01 7.62874e-01 7.61847e-01 7.61719e-01 7.61617e-01 7.61604e-01 7.61594e-01 7.61591e-01
1.02176e+01 2.26490e+00 2.03181e+00 1.89448e+00 1.79642e+00 1.65704e+00 1.55710e+00 1.47883e+00 1.41432e+00 1.35932e+00 1.31132e+00 1.26867e+00 1.23026e+00 1.19529e+00 1.16317e+00 1.13345e+00 1.10578e+00 1.07989e+00 1.05555e+00 1.03257e+00 1.01080e+00 1.00034e+00 9.90126e-01 9.82135e-01 9.74293e-01 9.72355e-01 9.70812e-01 9.70619e-01 9.70465e-01 9.70446e-01 9.70430e-01 9.70427e-01
1.31508e+01 2.82963e+00 2.52618e+00 2.34709e+00 2.21902e+00 2.03666e+00 1.90562e+00 1.80280e+00 1.71791e+00 1.64545e+00 1.58213e+00 1.52581e+00 1.47504e+00 1.42877e+00 1.38625e+00 1.34688e+00 1.31021e+00 1.27587e+00 1.24358e+00 1.21309e+00 1.18420e+00 1.17030e+00 1.15674e+00 1.14613e+00 1.13572e+00 1.13315e+00 1.13110e+00 1.13084e+00 1.13064e+00 1.13061e+00 1.13059e+00 1.13058e+00
1.59101e+01 3.34485e+00 2.97435e+00 2.75535e+00 2.59854e+00 2.37490e+00 2.21388e+00 2.08736e+00 1.98276e+00 1.89337e+00 1.81518e+00 1.74558e+00 1.68280e+00 1.62556e+00 1.57292e+00 1.52417e+00 1.47874e+00 1.43619e+00 1.39617e+00 1.35838e+00 1.32257e+00 1.30534e+00 1.28853e+00 1.27538e+00 1.26247e+00 1.25928e+00 1.25674e+00 1.25642e+00 1.25617e+00 1.25614e+00 1.25611e+00 1.25611e+00
1.85112e+01 3.81894e+00 3.38455e+00 3.12743e+00 2.94311e+00 2.67985e+00 2.48999e+00 2.34061e+00 2.21698e+00 2.11123e+00 2.01866e+00 1.93621e+00 1.86180e+00 1.79393e+00 1.73149e+00 1.67366e+00 1.61975e+00 1.56927e+00 1.52177e+00 1.47692e+00 1.43443e+00 1.41399e+00 1.39405e+00 1.37844e+00 1.36313e+00 1.35934e+00 1.35633e+00 1.35595e+00 1.35565e+00 1.35562e+00 1.35559e+00 1.35558e+00
2.32968e+01 4.66749e+00 4.11398e+00 3.78553e+00 3.54958e+00 3.21175e+00 2.96744e+00 2.77479e+00 2.61509e+00 2.47829e+00 2.35841e+00 2.25155e+00 2.15505e+00 2.06700e+00 1.98597e+00 1.91090e+00 1.84094e+00 1.77542e+00 1.71379e+00 1.65560e+00 1.60050e+00 1.57400e+00 1.54816e+00 1.52793e+00 1.50809e+00 1.50319e+00 1.49929e+00 1.49880e+00 1.49841e+00 1.49836e+00 1.49832e+00 1.49831e+00
2.75958e+01 5.40889e+00 4.74675e+00 4.35297e+00 4.06959e+00 3.66301e+00 3.36832e+00 3.13555e+00 2.94233e+00 2.77667e+00 2.63140e+00 2.50185e+00 2.38482e+00 2.27802e+00 2.17975e+00 2.08871e+00 2.00388e+00 1.92446e+00 1.84979e+00 1.77933e+00 1.71263e+00 1.68057e+00 1.64931e+00 1.62485e+00 1.60086e+00 1.59494e+00 1.59022e+00 1.58963e+00 1.58916e+00 1.58910e+00 1.58905e+00 1.58904e+00
3.66420e+01 6.92288e+00 6.02752e+00 5.49262e+00 5.10630e+00 4.54978e+00 4.14471e+00 3.82379e+00 3.55685e+00 3.32769e+00 3.12657e+00 2.94715e+00 2.78508e+00 2.63723e+00 2.50127e+00 2.37542e+00 2.25827e+00 2.14871e+00 2.04583e+00 1.94886e+00 1.85719e+00 1.81317e+00 1.77027e+00 1.73673e+00 1.70385e+00 1.69573e+00 1.68927e+00 1.68846e+00 1.68781e+00 1.68773e+00 1.68767e+00 1.68765e+00
4.38209e+01 8.09589e+00 7.01112e+00 6.36072e+00 5.88967e+00 5.20903e+00 4.71214e+00 4.31773e+00 3.98929e+00 3.70717e+00 3.45954e+00 3.23867e+00 3.03927e+00 2.85749e+00 2.69047e+00 2.53601e+00 2.39239e+00 2.25820e+00 2.13232e+00 2.01380e+00 1.90184e+00 1.84811e+00 1.79577e+00 1.75485e+00 1.71474e+00 1.70484e+00 1.69695e+00 1.69597e+00 1.69518e+00 1.69509e+00 1.69501e+00 1.69499e+00
5.43969e+01 9.81007e+00 8.43916e+00 7.61259e+00 7.01145e+00 6.13905e+00 5.49959e+00 4.99084e+00 4.56671e+00 4.20231e+00 3.88258e+00 3.59768e+00 3.34077e+00 3.10690e+00 2.89235e+00 2.69423e+00 2.51026e+00 2.33857e+00 2.17764e+00 2.02617e+00 1.88304e+00 1.81431e+00 1.74731e+00 1.69489e+00 1.64348e+00 1.63077e+00 1.62065e+00 1.61939e+00 1.61838e+00 1.61825e+00 1.61815e+00 1.61813e+00
6.17192e+01 1.10133e+01 9.43890e+00 8.48559e+00 7.79015e+00 6.77772e+00 6.03358e+00 5.44072e+00 4.94623e+00 4.52145e+00 4.14897e+00 3.81736e+00 3.51863e+00 3.24698e+00 2.99800e+00 2.76824e+00 2.55497e+00 2.35590e+00 2.16913e+00 1.99305e+00 1.82623e+00 1.74590e+00 1.66742e+00 1.60588e+00 1.54537e+00 1.53040e+00 1.51846e+00 1.51697e+00 1.51578e+00 1.51563e+00 1.51551e+00 1.51548e+00
6.70184e+01 1.19114e+01 1.01866e+01 9.13866e+00 8.37228e+00 7.25385e+00 6.43010e+00 5.77316e+00 5.22509e+00 4.75440e+00 4.34188e+00 3.97488e+00 3.64453e+00 3.34431e+00 3.06926e+00 2.81545e+00 2.57973e+00 2.35944e+00 2.15234e+00 1.95646e+00 1.77005e+00 1.67990e+00 1.59152e+00 1.52197e+00 1.45336e+00 1.43634e+00 1.42276e+00 1.42106e+00 1.41971e+00 1.41954e+00 1.41940e+00 1.41937e+00
7.09917e+01 1.26127e+01 1.07732e+01 9.65231e+00 8.83091e+00 7.62975e+00 6.74358e+00 6.03633e+00 5.44618e+00 4.93946e+00 4.49557e+00 4.10088e+00 3.74578e+00 3.42318e+00 3.12764e+00 2.85481e+00 2.60114e+00 2.36363e+00 2.13968e+00 1.92696e+00 1.72337e+00 1.62437e+00 1.52691e+00 1.44990e+00 1.37359e+00 1.35462e+00 1.33946e+00 1.33756e+00 1.33605e+00 1.33586e+00 1.33571e+00 1.33567e+00
7.64805e+01 1.36508e+01 1.16494e+01 1.04242e+01 9.52338e+00 8.20183e+00 7.22422e+00 6.44304e+00 5.79105e+00 5.23141e+00 4.74150e+00 4.30621e+00 3.91480e+00 3.55927e+00 3.23335e+00 2.93198e+00 2.65091e+00 2.38643e+00 2.13523e+00 1.89422e+00 1.66043e+00 1.54532e+00 1.43089e+00 1.33959e+00 1.24827e+00 1.22542e+00 1.20712e+00 1.20483e+00 1.20300e+00 1.20277e+00 1.20259e+00 1.20254e+00
8.00383e+01 1.43975e+01 1.22885e+01 1.09928e+01 1.00376e+01 8.63269e+00 7.59121e+00 6.75819e+00 6.06276e+00 5.46598e+00 4.94378e+00 4.48002e+00 4.06311e+00 3.68431e+00 3.33673e+00 3.01465e+00 2.71317e+00 2.42793e+00 2.15485e+00 1.89000e+00 1.62937e+00 1.49935e+00 1.36877e+00 1.26352e+00 1.15721e+00 1.13043e+00 1.10893e+00 1.10624e+00 1.10409e+00 1.10382e+00 1.10360e+00 1.10355e+00
8.50258e+01 1.56407e+01 1.33766e+01 1.19761e+01 1.09387e+01 9.40551e+00 8.26434e+00 7.34982e+00 6.58592e+00 5.93055e+00 5.35749e+00 4.84888e+00 4.39174e+00 3.97601e+00 3.59352e+00 3.23726e+00 2.90091e+00 2.57847e+00 2.26393e+00 1.95091e+00 1.63230e+00 1.46832e+00 1.29961e+00 1.16029e+00 1.01621e+00 9.79340e-01 9.49577e-01 9.45839e-01 9.42846e-01 9.42472e-01 9.42173e-01 9.42098e-01
8.75962e+01 1.64576e+01 1.41109e+01 1.26523e+01 1.15682e+01 9.96031e+00 8.75992e+00 7.79648e+00 6.99128e+00 6.30057e+00 5.69687e+00 5.16133e+00 4.68003e+00 4.24204e+00 3.83825e+00 3.46063e+00 3.10164e+00 2.75378e+00 2.40912e+00 2.05867e+00 1.69155e+00 1.49752e+00 1.29364e+00 1.12166e+00 9.40026e-01 8.92880e-01 8.54617e-01 8.49799e-01 8.45939e-01 8.45456e-01 8.45069e-01 8.44973e-01
9.02479e+01 1.75594e+01 1.51258e+01 1.36030e+01 1.24655e+01 1.07701e+01 9.49871e+00 8.47587e+00 7.62027e+00 6.88640e+00 6.24542e+00 5.67731e+00 5.16704e+00 4.70250e+00 4.27330e+00 3.86986e+00 3.48275e+00 3.10194e+00 2.71600e+00 2.31077e+00 1.86718e+00 1.62274e+00 1.35702e+00 1.12483e+00 8.70516e-01 8.02835e-01 7.47366e-01 7.40346e-01 7.34716e-01 7.34012e-01 7.33448e-01 7.33307e-01
9.16693e+01 1.83285e+01 1.58481e+01 1.42887e+01 1.31198e+01 1.13713e+01 1.00559e+01 8.99572e+00 8.10825e+00 7.34709e+00 6.68265e+00 6.09427e+00 5.56621e+00 5.08567e+00 4.64138e+00 4.22270e+00 3.81877e+00 3.41761e+00 3.00486e+00 2.56168e+00 2.06090e+00 1.77623e+00 1.45844e+00 1.17267e+00 8.49760e-01 7.61896e-01 6.89234e-01 6.79996e-01 6.72579e-01 6.71651e-01 6.70908e-01 6.70722e-01
9.26050e+01 1.89260e+01 1.64150e+01 1.48308e+01 1.36402e+01 1.18542e+01 1.05070e+01 9.41982e+00 8.50914e+00 7.72808e+00 7.04663e+00 6.44366e+00 5.90301e+00 5.41136e+00 4.95684e+00 4.52800e+00 4.11294e+00 3.69812e+00 3.26676e+00 2.79599e+00 2.25110e+00 1.93375e+00 1.57175e+00 1.23825e+00 8.50893e-01 7.43322e-01 6.53600e-01 6.42142e-01 6.32935e-01 6.31782e-01 6.30859e-01 6.30628e-01
9.32967e+01 1.94177e+01 1.68845e+01 1.52817e+01 1.40746e+01 1.22596e+01 1.08878e+01 9.77931e+00 8.85036e+00 8.05362e+00 7.35879e+00 6.74445e+00 6.19411e+00 5.69407e+00 5.23200e+00 4.79588e+00 4.37294e+00 3.94841e+00 3.50352e+00 3.01195e+00 2.43212e+00 2.08775e+00 1.68779e+00 1.31155e+00 8.63566e-01 7.36771e-01 6.30141e-01 6.16464e-01 6.05465e-01 6.04086e-01 6.02983e-01 6.02707e-01
9.42986e+01 2.02014e+01 1.76371e+01 1.60073e+01 1.47757e+01 1.29174e+01 1.15082e+01 1.03674e+01 9.41050e+00 8.58980e+00 7.87458e+00 7.24303e+00 6.67824e+00 6.16599e+00 5.69332e+00 5.24735e+00 4.81411e+00 4.37696e+00 3.91410e+00 3.39361e+00 2.76236e+00 2.37612e+00 1.91457e+00 1.46519e+00 9.06390e-01 7.42637e-01 6.02738e-01 5.84641e-01 5.70061e-01 5.68232e-01 5.66768e-01 5.66402e-01
9.50285e+01 2.08178e+01 1.82315e+01 1.65822e+01 1.53327e+01 1.34423e+01 1.20051e+01 1.08398e+01 9.86171e+00 9.02282e+00 8.29218e+00 7.64771e+00 7.07222e+00 6.55118e+00 6.07119e+00 5.61879e+00 5.17918e+00 4.73441e+00 4.26046e+00 3.72120e+00 3.05422e+00 2.63715e+00 2.12781e+00 1.61810e+00 9.60365e-01 7.61488e-01 5.89008e-01 5.66512e-01 5.48356e-01 5.46077e-01 5.44251e-01 5.43795e-01
9.62986e+01 2.19561e+01 1.93331e+01 1.76505e+01 1.63699e+01 1.44233e+01 1.29366e+01 1.17279e+01 1.07120e+01 9.84065e+00 9.08248e+00 8.41511e+00 7.82095e+00 7.28500e+00 6.79323e+00 6.33134e+00 5.88323e+00 5.42896e+00 4.94091e+00 4.37600e+00 3.65544e+00 3.18860e+00 2.59681e+00 1.97446e+00 1.11025e+00 8.30858e-01 5.79910e-01 5.46525e-01 5.19464e-01 5.16059e-01 5.13331e-01 5.12649e-01
9.71786e+01 2.27764e+01 2.01292e+01 1.84240e+01 1.71223e+01 1.51370e+01 1.36159e+01 1.23769e+01 1.13345e+01 1.04403e+01 9.66285e+00 8.97948e+00 8.37246e+00 7.82649e+00 7.32725e+00 6.85993e+00 6.40774e+00 5.94957e+00 5.45573e+00 4.87888e+00 4.12971e+00 3.63370e+00 2.98975e+00 2.28942e+00 1.26200e+00 9.11127e-01 5.85722e-01 5.41605e-01 5.05693e-01 5.01164e-01 4.97535e-01 4.96627e-01
9.84101e+01 2.39484e+01 2.12684e+01 1.95325e+01 1.82017e+01 1.61628e+01 1.45939e+01 1.33125e+01 1.22330e+01 1.13068e+01 1.05022e+01 9.79645e+00 9.17154e+00 8.61195e+00 8.10296e+00 7.62929e+00 7.17337e+00 6.71281e+00 6.21560e+00 5.62950e+00 4.85261e+00 4.32489e+00 3.61945e+00 2.81853e+00 1.54854e+00 1.07615e+00 6.12450e-01 5.47314e-01 4.93845e-01 4.87074e-01 4.81642e-01 4.80282e-01
9.92830e+01 2.47886e+01 2.20861e+01 2.03288e+01 1.89778e+01 1.69014e+01 1.52989e+01 1.39876e+01 1.28819e+01 1.19330e+01 1.11092e+01 1.03876e+01 9.75009e+00 9.18102e+00 8.66551e+00 8.18798e+00 7.73046e+00 7.26988e+00 6.77297e+00 6.18476e+00 5.39609e+00 4.85229e+00 4.11252e+00 3.24992e+00 1.80786e+00 1.23600e+00 6.46442e-01 5.60865e-01 4.90040e-01 4.81032e-01 4.73800e-01 4.71988e-01
9.99608e+01 2.54441e+01 2.27244e+01 2.09508e+01 1.95842e+01 1.74790e+01 1.58506e+01 1.45162e+01 1.33902e+01 1.24237e+01 1.15849e+01 1.08510e+01 1.02038e+01 9.62745e+00 9.10701e+00 8.62675e+00 8.16844e+00 7.70857e+00 7.21308e+00 6.62528e+00 5.83130e+00 5.27833e+00 4.51711e+00 3.61311e+00 2.04249e+00 1.38765e+00 6.82941e-01 5.77485e-01 4.89503e-01 4.78266e-01 4.69236e-01 4.66973e-01
1.00515e+02 2.59819e+01 2.32482e+01 2.14614e+01 2.00822e+01 1.79535e+01 1.63040e+01 1.49508e+01 1.38082e+01 1.28273e+01 1.19764e+01 1.12324e+01 1.05772e+01 9.99494e+00 9.47054e+00 8.98817e+00 8.52943e+00 8.07052e+00 7.57683e+00 6.99047e+00 6.19427e+00 5.63571e+00 4.86011e+00 3.92659e+00 2.25616e+00 1.53100e+00 7.20364e-01 5.95560e-01 4.90613e-01 4.77153e-01 4.66327e-01 4.63613e-01
1.01393e+02 2.68338e+01 2.40783e+01 2.22707e+01 2.08717e+01 1.87062e+01 1.70234e+01 1.56406e+01 1.44718e+01 1.34683e+01 1.25981e+01 1.18382e+01 1.11705e+01 1.05789e+01 1.00483e+01 9.56283e+00 9.10372e+00 8.64687e+00 8.15695e+00 7.57452e+00 6.77811e+00 6.21374e+00 5.42067e+00 4.44818e+00 2.63286e+00 1.79491e+00 7.95627e-01 6.33630e-01 4.95308e-01 4.77420e-01 4.63010e-01 4.59393e-01
1.02074e+02 2.74969e+01 2.47247e+01 2.29011e+01 2.14868e+01 1.92928e+01 1.75843e+01 1.61785e+01 1.49895e+01 1.39683e+01 1.30832e+01 1.23110e+01 1.16335e+01 1.10347e+01 1.04994e+01 1.00115e+01 9.55235e+00 9.09745e+00 8.61109e+00 8.03286e+00 7.23860e+00 6.67190e+00 5.86913e+00 4.87246e+00 2.95710e+00 2.03260e+00 8.69942e-01 6.72627e-01 5.01649e-01 4.79358e-01 4.61369e-01 4.56850e-01
1.03315e+02 2.87051e+01 2.59027e+01 2.40501e+01 2.26083e+01 2.03628e+01 1.86078e+01 1.71603e+01 1.59344e+01 1.48813e+01 1.39689e+01 1.31743e+01 1.24790e+01 1.18672e+01 1.13233e+01 1.08314e+01 1.03724e+01 9.92159e+00 9.44272e+00 8.87405e+00 8.08768e+00 7.52063e+00 6.70734e+00 5.67851e+00 3.61127e+00 2.53866e+00 1.04812e+00 7.69881e-01 5.20299e-01 4.87116e-01 4.60222e-01 4.53449e-01
1.04197e+02 2.95647e+01 2.67410e+01 2.48681e+01 2.34067e+01 2.11248e+01 1.93368e+01 1.78598e+01 1.66078e+01 1.55320e+01 1.46003e+01 1.37897e+01 1.30819e+01 1.24607e+01 1.19108e+01 1.14160e+01 1.09573e+01 1.05098e+01 1.00368e+01 9.47606e+00 8.69767e+00 8.13272e+00 7.31639e+00 6.27245e+00 4.12039e+00 2.95406e+00 1.21480e+00 8.64649e-01 5.40440e-01 4.96517e-01 4.60768e-01 4.51743e-01
1.05443e+02 3.07786e+01 2.79250e+01 2.60234e+01 2.45346e+01 2.22015e+01 2.03671e+01 1.88485e+01 1.75598e+01 1.64520e+01 1.54930e+01 1.46599e+01 1.39342e+01 1.32999e+01 1.27415e+01 1.22428e+01 1.17846e+01 1.13420e+01 1.08780e+01 1.03295e+01 9.56473e+00 9.00513e+00 8.18916e+00 7.13234e+00 4.88976e+00 3.61159e+00 1.51700e+00 1.04460e+00 5.81817e-01 5.16864e-01 4.63555e-01 4.50034e-01
1.06327e+02 3.16409e+01 2.87662e+01 2.68444e+01 2.53361e+01 2.29668e+01 2.10996e+01 1.95515e+01 1.82367e+01 1.71062e+01 1.61279e+01 1.52787e+01 1.45404e+01 1.38967e+01 1.33323e+01 1.28308e+01 1.23731e+01 1.19341e+01 1.14767e+01 1.09375e+01 1.01836e+01 9.62911e+00 8.81586e+00 7.75454e+00 5.46527e+00 4.12280e+00 1.78470e+00 1.21216e+00 6.23259e-01 5.37857e-01 4.67188e-01 4.49178e-01
1.07013e+02 3.23102e+01 2.94191e+01 2.74815e+01 2.59583e+01 2.35609e+01 2.16682e+01 2.00973e+01 1.87623e+01 1.76141e+01 1.66208e+01 1.57592e+01 1.50110e+01 1.43601e+01 1.37910e+01 1.32874e+01 1.28301e+01 1.23940e+01 1.19418e+01 1.14100e+01 1.06651e+01 1.01151e+01 9.30501e+00 8.24223e+00 5.92506e+00 4.54093e+00 2.02469e+00 1.36858e+00 6.64272e-01 5.58981e-01 4.71152e-01 4.48664e-01
1.07574e+02 3.28573e+01 2.99528e+01 2.80025e+01 2.64669e+01 2.40466e+01 2.21332e+01 2.05436e+01 1.91921e+01 1.80295e+01 1.70239e+01 1.61522e+01 1.53960e+01 1.47391e+01 1.41662e+01 1.36608e+01 1.32039e+01 1.27701e+01 1.23222e+01 1.17966e+01 1.10594e+01 1.05132e+01 9.70634e+00 8.64345e+00 6.30805e+00 4.89478e+00 2.24218e+00 1.51520e+00 7.04726e-01 5.80077e-01 4.75280e-01 4.48321e-01
1.08460e+02 3.37210e+01 3.07955e+01 2.88250e+01 2.72702e+01 2.48137e+01 2.28674e+01 2.12484e+01 1.98708e+01 1.86855e+01 1.76606e+01 1.67728e+01 1.60039e+01 1.53376e+01 1.47587e+01 1.42506e+01 1.37941e+01 1.33641e+01 1.29232e+01 1.24075e+01 1.16827e+01 1.11432e+01 1.03421e+01 9.28063e+00 6.92346e+00 5.47224e+00 2.62413e+00 1.78337e+00 7.83805e-01 6.21945e-01 4.83767e-01 4.47892e-01
1.09147e+02 3.43914e+01 3.14496e+01 2.94634e+01 2.78936e+01 2.54091e+01 2.34374e+01 2.17956e+01 2.03977e+01 1.91948e+01 1.81548e+01 1.72546e+01 1.64758e+01 1.58023e+01 1.52186e+01 1.47084e+01 1.42524e+01 1.38254e+01 1.33899e+01 1.28820e+01 1.21670e+01 1.16329e+01 1.08369e+01 9.77765e+00 7.40849e+00 5.93375e+00 2.95195e+00 2.02378e+00 8.60430e-01 6.63234e-01 4.92393e-01 4.47635e-01
1.10396e+02 3.56094e+01 3.26380e+01 3.06235e+01 2.90264e+01 2.64910e+01 2.44732e+01 2.27899e+01 2.13553e+01 2.01204e+01 1.90531e+01 1.81303e+01 1.73336e+01 1.66468e+01 1.60546e+01 1.55405e+01 1.50853e+01 1.46636e+01 1.42381e+01 1.37446e+01 1.30480e+01 1.25242e+01 1.17383e+01 1.06848e+01 8.30237e+00 6.79568e+00 3.61191e+00 2.53386e+00 1.04173e+00 7.63563e-01 5.14102e-01 4.47292e-01
1.11283e+02 3.64741e+01 3.34817e+01 3.14470e+01 2.98306e+01 2.72591e+01 2.52085e+01 2.34959e+01 2.20353e+01 2.07776e+01 1.96909e+01 1.87520e+01 1.79426e+01 1.72464e+01 1.66482e+01 1.61313e+01 1.56766e+01 1.52588e+01 1.48404e+01 1.43572e+01 1.36739e+01 1.31577e+01 1.23795e+01 1.13312e+01 8.94437e+00 7.42169e+00 4.12480e+00 2.95161e+00 1.20999e+00 8.59881e-01 5.35778e-01 4.47120e-01
1.12532e+02 3.76930e+01 3.46711e+01 3.26080e+01 3.09644e+01 2.83421e+01 2.62454e+01 2.44913e+01 2.29939e+01 2.17042e+01 2.05901e+01 1.96286e+01 1.88013e+01 1.80919e+01 1.74850e+01 1.69643e+01 1.65104e+01 1.60981e+01 1.56897e+01 1.52212e+01 1.45568e+01 1.40515e+01 1.32847e+01 1.22448e+01 9.85684e+00 8.31862e+00 4.89923e+00 3.61206e+00 1.51384e+00 1.04140e+00 5.78695e-01 4.46948e-01
1.13419e+02 3.85576e+01 3.55147e+01 3.34316e+01 3.17687e+01 2.91103e+01 2.69809e+01 2.51974e+01 2.36740e+01 2.23615e+01 2.12281e+01 2.02506e+01 1.94105e+01 1.86917e+01 1.80787e+01 1.75552e+01 1.71019e+01 1.66934e+01 1.62923e+01 1.58341e+01 1.51834e+01 1.46859e+01 1.39275e+01 1.28941e+01 1.05080e+01 8.96242e+00 5.47805e+00 4.12498e+00 1.78230e+00 1.20969e+00 6.20892e-01 4.46862e-01
1.14107e+02 3.92286e+01 3.61695e+01 3.40708e+01 3.23930e+01 2.97066e+01 2.75518e+01 2.57455e+01 2.42018e+01 2.28718e+01 2.17233e+01 2.07333e+01 1.98833e+01 1.91572e+01 1.85396e+01 1.80139e+01 1.75610e+01 1.71556e+01 1.67600e+01 1.63099e+01 1.56698e+01 1.51784e+01 1.44266e+01 1.33985e+01 1.10149e+01 9.46534e+00 5.94078e+00 4.54470e+00 2.02295e+00 1.36667e+00 6.62386e-01 4.46811e-01
1.14669e+02 3.97768e+01 3.67044e+01 3.45929e+01 3.29029e+01 3.01936e+01 2.80181e+01 2.61932e+01 2.46330e+01 2.32885e+01 2.21278e+01 2.11276e+01 2.02695e+01 1.95375e+01 1.89160e+01 1.83886e+01 1.79361e+01 1.75330e+01 1.71420e+01 1.66986e+01 1.60671e+01 1.55808e+01 1.48345e+01 1.38108e+01 1.14299e+01 9.87779e+00 6.32599e+00 4.89969e+00 2.24083e+00 1.51362e+00 7.03150e-01 4.46776e-01
1.15556e+02 4.06418e+01 3.75485e+01 3.54169e+01 3.37076e+01 3.09623e+01 2.87541e+01 2.68998e+01 2.53136e+01 2.39463e+01 2.27662e+01 2.17499e+01 2.08791e+01 2.01377e+01 1.95101e+01 1.89799e+01 1.85279e+01 1.81288e+01 1.77450e+01 1.73120e+01 1.66943e+01 1.62160e+01 1.54783e+01 1.44618e+01 1.20859e+01 1.05312e+01 6.94495e+00 5.47891e+00 2.62332e+00 1.78223e+00 7.82619e-01 4.46733e-01
1.16243e+02 4.13127e+01 3.82031e+01 3.60559e+01 3.43317e+01 3.15585e+01 2.93248e+01 2.74477e+01 2.58413e+01 2.44565e+01 2.32613e+01 2.22326e+01 2.13519e+01 2.06031e+01 1.99708e+01 1.94385e+01 1.89870e+01 1.85908e+01 1.82126e+01 1.77878e+01 1.71807e+01 1.67087e+01 1.59778e+01 1.49669e+01 1.25956e+01 1.10396e+01 7.43254e+00 5.94158e+00 2.95135e+00 2.02280e+00 8.59441e-01 4.46708e-01